600485
600518
600553
600591
600607
600610
600615
600614
600625
600627
600631
600632
600646
600656
600659
600670
600669
600672
600677
600680
600700
600701
600709
600747
600752
600762
600772
600788
600786
600799
600806
600813
600832
600842
600840
600849
600852
600860
600891
600878
600899
600991
601268
601299
601558
603067
000018
000024
000013
000033
000029
000047
000405
000406
000412
000418
000511
000515
000527
000522
000535
000542
000549
000556
000569
000583
000578
000588
000594
000602
000618
000621
000653
000658
000660
000670
000675
000693
000699
000689
000730
000748
000760
000763
000765
000769
000787
000792
000805
000827
000832
000817
000866
000877
000885
000916
000939
000956
000979
000995
002018
002070
002143
002260
002226
002342
002359
002450
002477
002509
002604
002685
002711
300028
300104
300362
300372
300431